1706544421139 5.202876567840576 1
1706545340184 5.01308536529541 2
1706546250087 4.9411516189575195 3
1706547158985 4.86244010925293 4
1706548071013 4.783969879150391 5
1706548977899 4.688697338104248 6
1706549899160 4.691863536834717 7
1706550814199 4.496997833251953 8
1706551731596 4.432930946350098 9
1706552639700 4.320575714111328 10
1706553554604 4.371101379394531 11
1706554466889 4.142905235290527 12
1706555374496 4.052706241607666 13
1706556281363 4.002842426300049 14
1706557185753 3.9789793491363525 15
1706558096963 3.8762245178222656 16
1706559012986 3.7947323322296143 17
1706559918610 3.6395151615142822 18
1706560829436 3.601621150970459 19
1706561748736 3.472055435180664 20
