1706002727403 5.173835754394531 1
1706002829470 5.027685165405273 2
1706002932023 5.0032548904418945 3
1706003034435 4.879492282867432 4
1706003137425 4.847382068634033 5
1706003240164 4.664432525634766 6
1706003343174 4.717904567718506 7
1706003446173 4.6624274253845215 8
1706003549064 4.469951629638672 9
1706003652295 4.435216903686523 10
1706003755053 4.436508655548096 11
1706003858418 4.248207092285156 12
1706003961508 4.2445454597473145 13
1706004064530 4.1018757820129395 14
1706004167767 4.028007507324219 15
1706004270461 3.942816734313965 16
1706004373400 3.7788197994232178 17
1706004476356 3.694406747817993 18
1706004579668 3.694019317626953 19
1706004682566 3.622791290283203 20
