1705935460929 7.327002048492432 2
1705935463176 7.306682586669922 4
1705935482492 7.273102283477783 6
1705935488977 7.234742641448975 8
1705935507666 7.167897701263428 10
1705935507840 7.1135711669921875 12
1705935526208 7.059446334838867 14
1705935526258 6.991673946380615 16
1705935547661 6.899372577667236 18
1705935560343 6.758346080780029 20
1705935571029 6.669156074523926 22
1705935583927 6.560783863067627 24
1705935600363 6.493009567260742 26
1705935611410 6.429951190948486 28
1705935623766 6.296346664428711 30
1705935632683 6.223313808441162 32
1705935646241 6.167442798614502 34
1705935655566 6.089171886444092 36
1705935668250 6.0737409591674805 38
1705935674738 6.002350807189941 40
1705935694093 5.961155891418457 42
1705935702777 5.954829692840576 44
1705935718489 5.93338680267334 46
1705935729152 5.91154670715332 48
1705935744572 5.869900703430176 50
1705935754038 5.836709499359131 52
1705935772136 5.839120864868164 54
1705935775580 5.768210411071777 56
1705935792165 5.7678070068359375 58
1705935796181 5.718341827392578 60
1705935810872 5.6891584396362305 62
1705935814680 5.700264930725098 64
1705935835846 5.707405090332031 66
1705935836342 5.692553997039795 68
1705935851149 5.68961763381958 70
1705935855393 5.673713207244873 72
1705935868467 5.640280723571777 74
1705935879011 5.712845325469971 76
1705935891025 5.67668342590332 78
1705935901587 5.673832893371582 80
1705935910353 5.649235248565674 82
1705935920432 5.64678430557251 84
1705935924955 5.620837211608887 86
1705935936984 5.603670120239258 88
1705935952665 5.557107448577881 90
1705935959222 5.594456672668457 92
1705935976024 5.553036212921143 94
1705935976624 5.583497047424316 96
1705935996815 5.623061180114746 98
1705935998030 5.663217067718506 100
1705936018102 5.651142120361328 102
1705936018124 5.650494575500488 104
1705936042614 5.622181415557861 106
1705936042649 5.622679233551025 108
1705936069534 5.587980270385742 110
1705936069576 5.542999267578125 112
1705936092438 5.51723051071167 114
1705936092477 5.519706726074219 116
1705936113878 5.5694169998168945 118
1705936113913 5.556182861328125 120
1705936133314 5.5589494705200195 122
1705936133352 5.549620151519775 124
1705936153828 5.5464396476745605 126
1705936153852 5.5250444412231445 128
1705936173973 5.52520751953125 130
1705936173999 5.529080867767334 132
1705936198264 5.561347961425781 134
1705936198298 5.567672252655029 136
1705936224749 5.532506942749023 138
1705936224775 5.497598171234131 140
1705936252073 5.550507545471191 142
1705936252105 5.550956726074219 144
1705936271305 5.514061450958252 146
1705936271325 5.4953532218933105 148
1705936303752 5.526465892791748 150
1705936303787 5.551969051361084 152
1705936321161 5.51561164855957 154
1705936321205 5.526971817016602 156
1705936342783 5.506649494171143 158
1705936342810 5.4729533195495605 160
1705936367092 5.500204086303711 162
1705936367112 5.489401817321777 164
1705936383554 5.499413013458252 166
1705936383587 5.478372573852539 168
1705936401965 5.503820896148682 170
1705936401987 5.513099193572998 172
1705936417700 5.459737777709961 174
1705936417738 5.4961466789245605 176
1705936439155 5.438613414764404 178
1705936439190 5.4450201988220215 180
1705936461825 5.492032527923584 182
1705936461849 5.460588455200195 184
1705936483003 5.434717655181885 186
1705936483173 5.408822059631348 188
1705936506578 5.3877272605896 190
1705936509214 5.43626070022583 192
1705936526825 5.431467056274414 194
1705936528751 5.501214981079102 196
1705936545612 5.4815449714660645 198
1705936551484 5.478748321533203 200
1705936574044 5.491346836090088 202
1705936575731 5.454704284667969 204
1705936594907 5.4727020263671875 206
1705936594948 5.457352638244629 208
1705936620310 5.4593987464904785 210
1705936620348 5.460094928741455 212
1705936643735 5.451888084411621 214
1705936645983 5.441970348358154 216
1705936662766 5.493180751800537 218
1705936665900 5.485341548919678 220
1705936686319 5.5010528564453125 222
1705936692958 5.471388816833496 224
1705936705977 5.450024604797363 226
1705936720208 5.429306983947754 228
1705936729018 5.431448936462402 230
1705936744490 5.4335713386535645 232
1705936757472 5.423646926879883 234
1705936764705 5.391336441040039 236
1705936775455 5.351566314697266 238
1705936785862 5.389556407928467 240
1705936801515 5.340383052825928 242
1705936811225 5.343231201171875 244
1705936824805 5.363037109375 246
1705936829567 5.414523601531982 248
1705936845445 5.410091876983643 250
1705936851827 5.393877029418945 252
1705936870147 5.394055366516113 254
1705936874508 5.367494106292725 256
1705936890597 5.359257221221924 258
1705936893768 5.361755847930908 260
1705936914189 5.367164611816406 262
1705936914222 5.391880035400391 264
1705936936100 5.374699592590332 266
1705936936140 5.414119243621826 268
1705936956801 5.424211502075195 270
1705936957878 5.435492038726807 272
1705936977361 5.431861877441406 274
1705936985312 5.423598289489746 276
1705937001401 5.44047212600708 278
1705937006032 5.433045387268066 280
1705937018336 5.416558742523193 282
1705937030399 5.411261081695557 284
1705937037838 5.387153148651123 286
1705937049989 5.351900100708008 288
1705937061270 5.30123233795166 290
1705937074779 5.335387229919434 292
1705937088401 5.342647075653076 294
1705937098675 5.3567986488342285 296
1705937111006 5.3985915184021 298
1705937120032 5.426365852355957 300
1705937128286 5.391637325286865 302
1705937142067 5.414167404174805 304
1705937151863 5.422386646270752 306
1705937165515 5.423188209533691 308
1705937171928 5.407918453216553 310
1705937188560 5.384332180023193 312
1705937198873 5.4178032875061035 314
1705937215103 5.45064640045166 316
1705937220629 5.440126895904541 318
1705937243497 5.402731418609619 320
1705937243640 5.401270866394043 322
1705937265694 5.382783889770508 324
1705937267972 5.428469657897949 326
1705937289539 5.376857280731201 328
1705937293328 5.399433135986328 330
1705937311135 5.459791660308838 332
1705937314958 5.388706207275391 334
1705937335171 5.342065334320068 336
1705937347565 5.329626560211182 338
1705937357165 5.345620155334473 340
1705937376188 5.371481895446777 342
1705937382937 5.369250297546387 344
1705937395053 5.369071960449219 346
1705937405388 5.388432502746582 348
1705937421030 5.3951592445373535 350
1705937426465 5.381392002105713 352
1705937445372 5.347812652587891 354
1705937448319 5.31775426864624 356
1705937465071 5.323507785797119 358
1705937473302 5.35971736907959 360
1705937484585 5.404173374176025 362
1705937491311 5.397947788238525 364
1705937510022 5.373752593994141 366
1705937517383 5.344261169433594 368
1705937531747 5.313183784484863 370
1705937544575 5.307570457458496 372
1705937556118 5.303789138793945 374
1705937568185 5.298775672912598 376
1705937581775 5.293803691864014 378
1705937587837 5.279514789581299 380
1705937606349 5.265654563903809 382
1705937610440 5.255753517150879 384
1705937631854 5.26198673248291 386
1705937635784 5.257472038269043 388
1705937653494 5.240762710571289 390
1705937657515 5.255269527435303 392
1705937680433 5.280129909515381 394
1705937681908 5.302892684936523 396
1705937702660 5.337478160858154 398
1705937703168 5.323762893676758 400
1705937723740 5.287853240966797 402
1705937723773 5.325377941131592 404
1705937750779 5.356053829193115 406
1705937754084 5.324734210968018 408
1705937772734 5.35920524597168 410
1705937775855 5.3669657707214355 412
1705937793354 5.308372497558594 414
1705937801993 5.291018009185791 416
1705937818856 5.325480937957764 418
1705937823243 5.359472751617432 420
1705937840462 5.349557399749756 422
1705937841302 5.299360275268555 424
1705937865579 5.292273044586182 426
1705937867289 5.31348180770874 428
1705937885856 5.285309791564941 430
1705937890197 5.248879909515381 432
1705937912058 5.353180885314941 434
1705937914016 5.351849555969238 436
1705937935917 5.345942974090576 438
1705937940029 5.329665184020996 440
1705937959723 5.304583549499512 442
1705937965005 5.291238784790039 444
1705937985183 5.25761604309082 446
1705937991575 5.259487152099609 448
1705938003851 5.309305191040039 450
1705938009670 5.294261932373047 452
1705938021286 5.284687519073486 454
1705938033876 5.277082443237305 456
1705938043614 5.3025054931640625 458
1705938052330 5.249361991882324 460
1705938061372 5.258768081665039 462
1705938071320 5.232059955596924 464
1705938089968 5.243968486785889 466
1705938092377 5.243625640869141 468
1705938117969 5.206404209136963 470
1705938118003 5.150102138519287 472
1705938135658 5.170876979827881 474
1705938137134 5.232077121734619 476
1705938160115 5.275245666503906 478
1705938166467 5.275182247161865 480
1705938183575 5.3368425369262695 482
1705938190628 5.292531490325928 484
1705938204336 5.31802225112915 486
1705938210748 5.295691013336182 488
1705938226384 5.312517166137695 490
1705938233699 5.2705769538879395 492
1705938248384 5.212203025817871 494
1705938252079 5.24212121963501 496
1705938274369 5.224788665771484 498
1705938274792 5.261788368225098 500
1705938295741 5.2901434898376465 502
1705938295779 5.308617115020752 504
1705938322122 5.355190277099609 506
1705938322162 5.352051258087158 508
1705938344127 5.348834991455078 510
1705938344148 5.323383808135986 512
1705938362928 5.260626316070557 514
1705938362968 5.269523620605469 516
1705938386320 5.273894309997559 518
1705938388906 5.243163108825684 520
1705938405491 5.251096248626709 522
1705938408387 5.2232866287231445 524
1705938427511 5.258807182312012 526
1705938427551 5.264578819274902 528
1705938451234 5.223446369171143 530
1705938451273 5.247906684875488 532
1705938468172 5.186436176300049 534
1705938468210 5.20241641998291 536
1705938492274 5.189911842346191 538
1705938492312 5.167100429534912 540
1705938518865 5.193757057189941 542
1705938518886 5.228486061096191 544
1705938537718 5.220978736877441 546
1705938537740 5.23736572265625 548
1705938561476 5.22674036026001 550
1705938561510 5.216501235961914 552
1705938588012 5.261723041534424 554
1705938588035 5.2114644050598145 556
1705938611686 5.2220869064331055 558
1705938611731 5.209312438964844 560
1705938636391 5.1503777503967285 562
1705938636430 5.147912502288818 564
1705938655683 5.1730828285217285 566
1705938655723 5.240805625915527 568
1705938673508 5.238419055938721 570
1705938673537 5.203010082244873 572
1705938694857 5.247801780700684 574
1705938694885 5.282833576202393 576
1705938717294 5.244924545288086 578
1705938717328 5.234458923339844 580
1705938738497 5.243158340454102 582
1705938738536 5.247712135314941 584
1705938759055 5.239605903625488 586
1705938759075 5.226716995239258 588
1705938781671 5.263051986694336 590
1705938781721 5.268383026123047 592
1705938804919 5.23389196395874 594
1705938804951 5.22219705581665 596
1705938828085 5.160791873931885 598
1705938828111 5.161394119262695 600
1705938847301 5.159853458404541 602
1705938847335 5.210213661193848 604
1705938871924 5.234139442443848 606
1705938871969 5.210132122039795 608
1705938892029 5.213415145874023 610
1705938892055 5.219848155975342 612
1705938919617 5.214200496673584 614
1705938919665 5.194080352783203 616
1705938937459 5.214450836181641 618
1705938937491 5.184141635894775 620
1705938962270 5.1813063621521 622
1705938962313 5.188631534576416 624
1705938988207 5.18938684463501 626
1705938988241 5.202105522155762 628
1705939011641 5.218533992767334 630
1705939011666 5.226641654968262 632
1705939035669 5.218702793121338 634
1705939035709 5.221280097961426 636
1705939057888 5.2138190269470215 638
1705939057933 5.1828227043151855 640
1705939085862 5.203648090362549 642
1705939085896 5.152378559112549 644
1705939112697 5.140389442443848 646
1705939112720 5.147955894470215 648
1705939132805 5.136085033416748 650
1705939132845 5.138859272003174 652
1705939154972 5.135761737823486 654
1705939155003 5.103909492492676 656
1705939180371 5.144614219665527 658
1705939180420 5.120368480682373 660
1705939200087 5.141029357910156 662
1705939200118 5.186733722686768 664
1705939223531 5.204383850097656 666
1705939223572 5.19773006439209 668
1705939242336 5.2194366455078125 670
1705939242371 5.2411885261535645 672
1705939264660 5.202798366546631 674
1705939264682 5.1912055015563965 676
1705939288988 5.186671257019043 678
1705939289025 5.180561542510986 680
1705939314781 5.190310001373291 682
1705939314815 5.187268257141113 684
1705939336175 5.224100112915039 686
1705939336193 5.2227911949157715 688
1705939362204 5.223771572113037 690
1705939362247 5.163773059844971 692
1705939388735 5.19467830657959 694
1705939388771 5.128049373626709 696
1705939406928 5.16676139831543 698
1705939795270 5.1337761878967285 700
1705939797736 5.1089935302734375 702
1705939807729 5.087320804595947 704
1705939809654 5.044127464294434 706
1705939822975 5.113089561462402 708
1705939826012 5.162089824676514 710
1705939838062 5.145081520080566 712
1705939843109 5.123887062072754 714
1705939857187 5.130258083343506 716
1705939862150 5.089720249176025 718
1705939877472 5.091181755065918 720
1705939877512 5.094669342041016 722
1705939893404 5.100433826446533 724
1705939893445 5.080038547515869 726
1705939912160 5.060122489929199 728
1705939917548 5.085051536560059 730
1705939930044 5.106513977050781 732
1705939934557 5.048764228820801 734
1705939946397 5.026493549346924 736
1705939951766 5.098926067352295 738
1705939961445 5.152853488922119 740
1705939964553 5.156261444091797 742
1705939984041 5.151183605194092 744
1705939984084 5.160203456878662 746
1705939999388 5.126075267791748 748
1705939999409 5.130063533782959 750
1705940015234 5.118817329406738 752
1705940015269 5.091814994812012 754
1705940030224 5.115599155426025 756
1705940030261 5.110435485839844 758
1705940046838 5.094686985015869 760
1705940051553 5.050048351287842 762
1705940064769 5.047548770904541 764
1705940068315 5.083425521850586 766
1705940081360 5.084687232971191 768
1705940090213 5.088022708892822 770
1705940100579 5.099327087402344 772
1705940108391 5.121791839599609 774
1705940116017 5.1269941329956055 776
1705940124566 5.145097255706787 778
1705940131096 5.162511825561523 780
1705940138827 5.084868907928467 782
1705940148446 5.111259937286377 784
1705940154525 5.15377140045166 786
1705940164892 5.156804084777832 788
1705940174504 5.170804023742676 790
1705940186319 5.189000606536865 792
1705940190332 5.1742939949035645 794
1705940204996 5.139625072479248 796
1705940207876 5.165102958679199 798
1705940218161 5.189018249511719 800
1705940230736 5.177760601043701 802
1705940235772 5.177462577819824 804
1705940243158 5.234076499938965 806
1705940250745 5.216723918914795 808
1705940258008 5.178197383880615 810
1705940266955 5.1771039962768555 812
1705940276200 5.140069484710693 814
1705940286213 5.139423370361328 816
1705940293055 5.096219062805176 818
1705940304988 5.147209167480469 820
1705940313070 5.1288323402404785 822
1705940323273 5.137618541717529 824
1705940336717 5.125925540924072 826
1705940342761 5.1242146492004395 828
1705940363619 5.1356706619262695 830
1705940365126 5.1522064208984375 832
1705940377665 5.141395568847656 834
1705940381928 5.120192527770996 836
1705940396280 5.094590663909912 838
1705940400361 5.05826473236084 840
1705940414337 5.055717945098877 842
1705940419527 5.0464067459106445 844
1705940432660 5.078668117523193 846
1705940435351 5.088353157043457 848
1705940454571 5.116897106170654 850
1705940460436 5.087601184844971 852
1705940472520 5.0673136711120605 854
1705940479587 5.144981384277344 856
1705940489013 5.119670867919922 858
1705940493357 5.152499198913574 860
1705940506765 5.1854472160339355 862
1705940514239 5.152442455291748 864
1705940526735 5.148468494415283 866
1705940538210 5.155264854431152 868
1705940546590 5.186807632446289 870
1705940556582 5.164167881011963 872
1705940567879 5.163355827331543 874
1705940575130 5.13295841217041 876
1705940589882 5.157247543334961 878
1705940597888 5.125857353210449 880
1705940608535 5.142605781555176 882
1705940617488 5.141077995300293 884
1705940631864 5.101057052612305 886
1705940639316 5.075222969055176 888
1705940663512 5.117634296417236 890
1705940663535 5.1004719734191895 892
1705940685823 5.0690388679504395 894
1705940687145 5.059859275817871 896
1705940706968 5.068871974945068 898
1705940707034 5.056595325469971 900
1705940726472 5.084863662719727 902
1705940727751 5.046164512634277 904
1705940749787 5.091646194458008 906
1705940756395 5.075039863586426 908
1705940772778 5.08377742767334 910
1705940775776 5.116004467010498 912
1705940791243 5.126348495483398 914
1705940798358 5.149195671081543 916
1705940812332 5.151021957397461 918
1705940817100 5.153545379638672 920
1705940836531 5.14730978012085 922
1705940838581 5.125896453857422 924
1705940864297 5.110408306121826 926
1705940864339 5.126661777496338 928
1705940885959 5.174657344818115 930
1705940885999 5.092912673950195 932
1705940905678 5.066653251647949 934
1705940905704 5.062808990478516 936
1705940922803 5.08278226852417 938
1705940922836 5.099636554718018 940
1705940946176 5.134228706359863 942
1705940946214 5.138174057006836 944
1705940963676 5.116304397583008 946
1705940963717 5.119658946990967 948
1705940985378 5.154792785644531 950
1705940985405 5.128598213195801 952
1705941006836 5.154570579528809 954
1705941006876 5.1379008293151855 956
1705941032418 5.11696720123291 958
1705941032464 5.112475395202637 960
1705941053909 5.181723594665527 962
1705941053936 5.147425174713135 964
1705941073138 5.131269454956055 966
1705941074451 5.138885974884033 968
1705941087468 5.126420021057129 970
1705941090209 5.11125373840332 972
1705941115520 5.053833484649658 974
1705941115684 5.103456974029541 976
1705941140845 5.089522838592529 978
1705941140884 5.096122741699219 980
1705941159677 5.128023147583008 982
1705941159710 5.111386775970459 984
1705941179541 5.117638111114502 986
1705941179579 5.109705448150635 988
1705941197859 5.062404155731201 990
1705941197884 5.054957866668701 992
1705941223771 5.081728935241699 994
1705941223791 5.058839797973633 996
1705941244016 5.0686259269714355 998
1705941244036 5.061171531677246 1000
1705941272008 5.057522296905518 1002
1705941272040 5.011874675750732 1004
1705941290827 4.991492748260498 1006
1705941290866 4.990768909454346 1008
1705941311371 5.009594917297363 1010
1705941311397 5.022745609283447 1012
1705941329686 5.082475662231445 1014
1705941329708 5.055281639099121 1016
1705941356145 5.049433708190918 1018
1705941356192 5.048412322998047 1020
1705941380067 5.028635501861572 1022
1705941380115 5.072855472564697 1024
1705941402190 5.137964248657227 1026
1705941402215 5.125053882598877 1028
1705941426037 5.084199905395508 1030
1705941426068 5.107641220092773 1032
1705941446240 5.0868120193481445 1034
1705941446277 5.083980560302734 1036
1705941469640 5.082014560699463 1038
1705941469664 5.095393180847168 1040
1705941494204 5.14332914352417 1042
1705941494226 5.153830051422119 1044
1705941515441 5.146449565887451 1046
1705941515462 5.173189640045166 1048
1705941535307 5.157173156738281 1050
1705941535329 5.122296333312988 1052
1705941554107 5.164628505706787 1054
1705941554131 5.1666436195373535 1056
1705941579110 5.145392417907715 1058
1705941579136 5.1194987297058105 1060
1705941599086 5.188127517700195 1062
1705941599105 5.158328533172607 1064
1705941616677 5.1574859619140625 1066
1705941616712 5.155318260192871 1068
1705941637142 5.21408224105835 1070
1705941637179 5.194661617279053 1072
1705941658921 5.1979522705078125 1074
1705941658953 5.204435348510742 1076
1705941679904 5.192007064819336 1078
1705941679939 5.179718971252441 1080
1705941697910 5.189297676086426 1082
1705941697933 5.1251091957092285 1084
1705941718009 5.090669631958008 1086
1705941718045 5.065120220184326 1088
1705941737828 5.052966117858887 1090
1705941737870 5.092891216278076 1092
1705941758228 5.101534366607666 1094
1705941758267 5.126540660858154 1096
1705941777814 5.116354942321777 1098
1705941777853 5.090043067932129 1100
1705941802827 5.105739593505859 1102
1705941802871 5.113224983215332 1104
1705941829021 5.116174697875977 1106
1705941829047 5.155348777770996 1108
1705941847962 5.157683849334717 1110
1705941848000 5.137506484985352 1112
1705941866997 5.156546592712402 1114
1705941867035 5.190397262573242 1116
1705941889354 5.164440631866455 1118
1705941889386 5.114228248596191 1120
1705941911970 5.104561805725098 1122
1705941911999 5.128129959106445 1124
1705941932656 5.144795894622803 1126
1705941932679 5.130407333374023 1128
1705941956587 5.128591060638428 1130
1705941956629 5.164404392242432 1132
1705941977087 5.160506248474121 1134
1705941977129 5.175776958465576 1136
1705941998339 5.202859878540039 1138
1705941998386 5.152587413787842 1140
1705942018183 5.1527533531188965 1142
1705942018219 5.121270656585693 1144
1705942036827 5.124664783477783 1146
1705942036850 5.142971992492676 1148
1705942054213 5.108192443847656 1150
1705942059874 5.105696678161621 1152
1705942074260 5.142844200134277 1154
1705942081511 5.098602771759033 1156
1705942092974 5.058999538421631 1158
1705942101880 5.07512903213501 1160
1705942110973 5.056634426116943 1162
1705942120243 5.091005325317383 1164
1705942128675 5.088513374328613 1166
1705942137088 5.098623752593994 1168
1705942149163 5.09956693649292 1170
1705942160543 5.07051944732666 1172
1705942173936 5.09642219543457 1174
1705942184171 5.108233451843262 1176
1705942190748 5.038016319274902 1178
1705942201314 5.071295738220215 1180
1705942206732 5.1019697189331055 1182
1705942226028 5.08012056350708 1184
1705942229683 5.098287582397461 1186
1705942244716 5.107861518859863 1188
1705942250599 5.096789360046387 1190
1705942270308 5.0971574783325195 1192
1705942277103 5.083420753479004 1194
1705942294537 5.108007907867432 1196
1705942298085 5.155752182006836 1198
1705942315734 5.117588043212891 1200
1705942318927 5.096213340759277 1202
1705942334300 5.058671474456787 1204
1705942341355 5.076343536376953 1206
1705942354299 5.024288177490234 1208
1705942364208 5.038580417633057 1210
1705942371137 5.018940448760986 1212
1705942384073 5.013721466064453 1214
1705942387051 4.972775459289551 1216
1705942404710 5.037342071533203 1218
1705942405901 5.013962745666504 1220
1705942425164 5.080136775970459 1222
1705942427697 5.078989505767822 1224
1705942446386 5.032525539398193 1226
1705942448645 5.087184906005859 1228
1705942466012 5.123493194580078 1230
1705942466159 5.108175754547119 1232
1705942483186 5.0940632820129395 1234
1705942485831 5.118922710418701 1236
1705942504973 5.127570152282715 1238
1705942507307 5.110848903656006 1240
1705942523541 5.127775192260742 1242
1705942525315 5.153133869171143 1244
1705942544798 5.173287868499756 1246
1705942544850 5.1340484619140625 1248
1705942562282 5.120784759521484 1250
1705942564184 5.1271867752075195 1252
1705942580467 5.085639476776123 1254
1705942580505 5.068502902984619 1256
1705942604568 5.033097267150879 1258
1705942605137 5.022219181060791 1260
1705942633326 5.022093296051025 1262
1705942633372 5.043465614318848 1264
1705942654107 5.0443854331970215 1266
1705942654144 5.064200401306152 1268
1705942678440 5.076014041900635 1270
1705942678478 5.064942359924316 1272
1705942699984 5.029128551483154 1274
1705942703200 5.02493953704834 1276
1705942722011 5.017702102661133 1278
1705942722146 5.045018196105957 1280
1705942745934 4.97857666015625 1282
1705942747532 5.009422302246094 1284
1705942765724 4.993154048919678 1286
1705942769450 4.994613170623779 1288
1705942789392 4.955772876739502 1290
1705942789427 4.9738006591796875 1292
1705942813553 5.002711296081543 1294
1705942813575 5.006582260131836 1296
1705942829041 5.035089492797852 1298
1705942829067 5.063042640686035 1300
1705942849429 5.036039352416992 1302
1705942849449 5.032800674438477 1304
1705942870726 4.996693134307861 1306
1705942870763 5.040985584259033 1308
1705942889674 5.058567047119141 1310
1705942890598 5.045945167541504 1312
1705942911072 5.047213077545166 1314
1705942911110 5.10244083404541 1316
1705942935849 5.067742347717285 1318
1705942937167 5.087538719177246 1320
1705942955779 5.09885835647583 1322
1705942959437 5.138062000274658 1324
1705942976537 5.111609935760498 1326
1705942977941 5.137335777282715 1328
1705942995550 5.201280117034912 1330
1705942996489 5.187025547027588 1332
1705943014264 5.168006420135498 1334
1705943015576 5.105087757110596 1336
1705943035550 5.090327262878418 1338
1705943039564 5.115993976593018 1340
1705943055453 5.070684432983398 1342
1705943057535 5.053236961364746 1344
1705943074281 5.003174781799316 1346
1705943079275 4.979489326477051 1348
1705943094404 4.9808244705200195 1350
1705943098146 4.996757507324219 1352
1705943120080 5.011514186859131 1354
1705943120617 4.99657678604126 1356
1705943146781 4.961695671081543 1358
1705943146800 5.002274990081787 1360
1705943175130 5.027081489562988 1362
1705943175151 5.029245376586914 1364
1705943200165 5.066920757293701 1366
1705943200191 5.090506553649902 1368
1705943219407 5.074950218200684 1370
1705943219434 5.123818397521973 1372
1705943244645 5.108938694000244 1374
1705943244666 5.047154426574707 1376
1705943263528 5.013297080993652 1378
1705943263569 4.946348667144775 1380
1705943284181 4.937463760375977 1382
1705943284226 4.968534469604492 1384
1705943304810 5.062101364135742 1386
1705943304831 5.084147930145264 1388
1705943331435 5.101930618286133 1390
1705943331477 5.1129536628723145 1392
1705943351225 5.106715202331543 1394
1705943351246 5.086035251617432 1396
