1706494689417 7.342759609222412 2
1706494689435 7.330756664276123 4
1706494699766 7.289007663726807 6
1706494699803 7.256321430206299 8
1706494710307 7.213719367980957 10
1706494711308 7.156693458557129 12
1706494722884 7.11472225189209 14
1706494724263 7.0544304847717285 16
1706494736098 6.960567474365234 18
1706494736119 6.857436180114746 20
1706494745749 6.7588958740234375 22
1706494745795 6.6922221183776855 24
1706494755921 6.581497669219971 26
1706494759072 6.46120548248291 28
1706494767070 6.368429660797119 30
1706494769324 6.293173789978027 32
1706494777348 6.2021803855896 34
1706494780815 6.136648654937744 36
1706494788340 6.082153797149658 38
1706494792482 6.0254435539245605 40
1706494799386 6.018993377685547 42
1706494803927 5.967134952545166 44
1706494811079 5.92292594909668 46
1706494813903 5.870081424713135 48
1706494821628 5.840959072113037 50
1706494822743 5.771004676818848 52
1706494832072 5.744591236114502 54
1706494834771 5.751480579376221 56
1706494842232 5.732808589935303 58
1706494846915 5.716815948486328 60
1706494852711 5.718689441680908 62
1706494857570 5.73502254486084 64
1706494862360 5.727929592132568 66
1706494867533 5.714545249938965 68
1706494874526 5.709059238433838 70
1706494879824 5.671670436859131 72
1706494884984 5.648993968963623 74
1706494890662 5.652866363525391 76
1706494897677 5.641149997711182 78
1706494900866 5.653067588806152 80
1706494907611 5.671095371246338 82
1706494911667 5.665865421295166 84
1706494918258 5.643123149871826 86
1706494922022 5.64686918258667 88
1706494929363 5.655170917510986 90
1706494934406 5.631579399108887 92
1706494939482 5.6268630027771 94
1706494944615 5.607240676879883 96
1706494950377 5.6308064460754395 98
1706494954793 5.649646759033203 100
1706494962141 5.67351770401001 102
1706494964549 5.675964832305908 104
1706494973401 5.646568298339844 106
1706494978007 5.6345038414001465 108
1706494984762 5.611324787139893 110
1706494987042 5.575212478637695 112
1706494998056 5.529925346374512 114
1706495000458 5.5781941413879395 116
1706495010951 5.578234672546387 118
1706495011917 5.591980457305908 120
1706495020515 5.581413745880127 122
1706495024907 5.596101760864258 124
1706495033042 5.618705749511719 126
1706495036585 5.585455417633057 128
1706495042925 5.564760208129883 130
1706495047034 5.558089733123779 132
1706495052484 5.541123390197754 134
1706495058063 5.492600440979004 136
1706495063245 5.493773460388184 138
1706495068753 5.521122932434082 140
1706495074524 5.487912178039551 142
1706495079755 5.500802993774414 144
1706495085081 5.47932767868042 146
1706495090845 5.516605377197266 148
1706495095922 5.513472557067871 150
1706495103691 5.501387596130371 152
1706495105812 5.490591526031494 154
1706495114138 5.45788049697876 156
1706495116023 5.474169731140137 158
1706495124653 5.503863334655762 160
1706495127491 5.507117748260498 162
1706495135236 5.493486404418945 164
1706495141519 5.428082466125488 166
1706495145678 5.4438252449035645 168
1706495153362 5.435634136199951 170
1706495155885 5.458054542541504 172
1706495167907 5.425110340118408 174
1706495170265 5.432380676269531 176
1706495180516 5.465214252471924 178
1706495181167 5.466389179229736 180
1706495190590 5.482598304748535 182
1706495191834 5.484879016876221 184
1706495200776 5.530664443969727 186
1706495202528 5.524652004241943 188
1706495211520 5.4813385009765625 190
1706495214815 5.494656085968018 192
1706495222358 5.494002819061279 194
1706495226395 5.474062919616699 196
1706495235191 5.449581623077393 198
1706495236471 5.45587682723999 200
1706495247200 5.485799312591553 202
1706495249733 5.4810333251953125 204
1706495259430 5.471638202667236 206
1706495259477 5.464397430419922 208
1706495271088 5.458189964294434 210
1706495271135 5.471590518951416 212
1706495280407 5.4755682945251465 214
1706495281993 5.480716228485107 216
1706495291706 5.4679388999938965 218
1706495293536 5.458020210266113 220
1706495303008 5.438802242279053 222
1706495304600 5.461554050445557 224
1706495315184 5.454634666442871 226
1706495315892 5.446191787719727 228
1706495326664 5.399203777313232 230
1706495329033 5.424527645111084 232
1706495339658 5.381507396697998 234
1706495339702 5.387190818786621 236
1706495351851 5.393774509429932 238
1706495351896 5.341796875 240
1706495362059 5.365473747253418 242
1706495362106 5.3983635902404785 244
1706495373470 5.389403820037842 246
1706495373516 5.392454147338867 248
1706495382943 5.353662967681885 250
1706495385370 5.392271995544434 252
1706495394927 5.358444690704346 254
1706495394974 5.350250244140625 256
1706495406353 5.392770767211914 258
1706495406399 5.41370153427124 260
1706495416954 5.378359794616699 262
1706495416974 5.374203205108643 264
1706495427435 5.355113983154297 266
1706495427481 5.366240978240967 268
1706495438927 5.344513416290283 270
1706495438972 5.346920490264893 272
1706495449120 5.348212242126465 274
1706495449166 5.347550392150879 276
1706495459832 5.332914352416992 278
1706495459879 5.326851844787598 280
1706495473054 5.357345104217529 282
1706495473101 5.346654415130615 284
1706495484709 5.344900608062744 286
1706495484755 5.366072177886963 288
1706495494164 5.384256839752197 290
1706495494210 5.41532564163208 292
1706495505084 5.4188432693481445 294
1706495505128 5.412599086761475 296
1706495516916 5.431062698364258 298
1706495516937 5.444859504699707 300
1706495528806 5.411586284637451 302
1706495528849 5.3606414794921875 304
1706495538818 5.351014614105225 306
1706495538850 5.327617645263672 308
1706495550874 5.329340934753418 310
1706495550920 5.327272891998291 312
1706495562057 5.295166015625 314
1706495562105 5.351107120513916 316
1706495572506 5.308984279632568 318
1706495572553 5.2826337814331055 320
1706495584277 5.3075056076049805 322
1706495584323 5.309483051300049 324
1706495595669 5.329810619354248 326
1706495595704 5.368124485015869 328
1706495605904 5.404413223266602 330
1706495605936 5.3796796798706055 332
1706495616602 5.3876872062683105 334
1706495616648 5.400461196899414 336
1706495626538 5.39410924911499 338
1706495626583 5.347594261169434 340
1706495636044 5.342138290405273 342
1706495636085 5.373950481414795 344
1706495647007 5.397037506103516 346
1706495647040 5.41234827041626 348
1706495659604 5.360703468322754 350
1706495659651 5.352148532867432 352
1706495670287 5.358152389526367 354
1706495670331 5.330054759979248 356
1706495682496 5.35359525680542 358
1706495682532 5.374584197998047 360
1706495694300 5.33613395690918 362
1706495694344 5.301419734954834 364
1706495706060 5.279479503631592 366
1706495706084 5.278630256652832 368
1706495717424 5.276627540588379 370
1706495717471 5.333014488220215 372
1706495728029 5.362350940704346 374
1706495728069 5.32200813293457 376
1706495737674 5.304518699645996 378
1706495737723 5.344902515411377 380
1706495750048 5.272742748260498 382
1706495750093 5.249939918518066 384
1706495762080 5.261474609375 386
1706495762121 5.246633529663086 388
1706495772256 5.245819091796875 390
1706495772303 5.227832794189453 392
1706495783505 5.249467372894287 394
1706495783534 5.225462913513184 396
1706495795698 5.254950523376465 398
1706495795745 5.302297115325928 400
1706495806845 5.2381720542907715 402
1706495806888 5.292891025543213 404
1706495817472 5.277022838592529 406
1706495817509 5.251075267791748 408
1706495827315 5.225794315338135 410
1706495827341 5.2288970947265625 412
1706495837625 5.258228302001953 414
1706495837670 5.282917499542236 416
1706495848020 5.275763034820557 418
1706495848068 5.284306526184082 420
1706495858511 5.299163341522217 422
1706495858538 5.2809576988220215 424
1706495868889 5.260224342346191 426
1706495868936 5.274564743041992 428
1706495880631 5.332274913787842 430
1706495880679 5.278311252593994 432
1706495890052 5.284168720245361 434
1706495890098 5.35550594329834 436
1706495899887 5.3927435874938965 438
1706495901624 5.349603176116943 440
1706495912358 5.363001823425293 442
1706495912403 5.348532676696777 444
1706495923797 5.312873363494873 446
1706495923846 5.332505226135254 448
1706495936238 5.283277988433838 450
1706495936283 5.266460418701172 452
1706495945713 5.278287887573242 454
1706495945756 5.244635105133057 456
1706495956981 5.276515960693359 458
1706495957028 5.253134727478027 460
1706495967492 5.280168533325195 462
1706495967527 5.266509056091309 464
1706495978787 5.262695789337158 466
1706495978830 5.243305206298828 468
1706495989932 5.304300308227539 470
1706495989977 5.235641002655029 472
1706496000062 5.2253737449646 474
1706496000106 5.231598377227783 476
1706496009698 5.228885650634766 478
1706496009757 5.228559970855713 480
1706496021315 5.255322456359863 482
1706496021345 5.233449459075928 484
1706496032348 5.263102054595947 486
1706496032386 5.2184014320373535 488
1706496044003 5.170504570007324 490
1706496044049 5.1894659996032715 492
1706496055027 5.275044918060303 494
1706496055077 5.266629695892334 496
1706496065180 5.297020435333252 498
1706496065228 5.262325286865234 500
1706496077415 5.252988815307617 502
1706496077461 5.243732929229736 504
1706496086266 5.2259840965271 506
1706496086434 5.229121208190918 508
1706496097249 5.1979146003723145 510
1706496097529 5.18762731552124 512
1706496106934 5.192303657531738 514
1706496109895 5.204841136932373 516
1706496117119 5.160560131072998 518
1706496121648 5.164474010467529 520
1706496128128 5.134250164031982 522
1706496132736 5.131069183349609 524
1706496141819 5.15061616897583 526
1706496142323 5.146291255950928 528
1706496152251 5.175378322601318 530
1706496153480 5.1703057289123535 532
1706496164217 5.225142955780029 534
1706496165634 5.201425075531006 536
1706496175088 5.177169322967529 538
1706496178211 5.231113433837891 540
1706496186235 5.202579021453857 542
1706496188500 5.15368127822876 544
1706496197955 5.139780521392822 546
1706496199660 5.227377414703369 548
1706496208059 5.2864532470703125 550
1706496209660 5.2926812171936035 552
1706496219509 5.269834041595459 554
1706496221002 5.292635440826416 556
1706496234398 5.299983024597168 558
1706496234444 5.285118103027344 560
1706496246497 5.2885870933532715 562
1706496246537 5.255121231079102 564
1706496258056 5.277769565582275 566
1706496258103 5.274211883544922 568
1706496267932 5.255602836608887 570
1706496267978 5.24003791809082 572
1706496278243 5.232052326202393 574
1706496278289 5.173633098602295 576
1706496289193 5.155679702758789 578
1706496289854 5.157689094543457 580
1706496301590 5.163313865661621 582
1706496301612 5.162689208984375 584
1706496314034 5.141438961029053 586
1706496314079 5.141263961791992 588
1706496324154 5.153192520141602 590
1706496324201 5.149598598480225 592
1706496335623 5.195728302001953 594
1706496335647 5.206317901611328 596
1706496348848 5.203984260559082 598
1706496348894 5.256309509277344 600
1706496359683 5.206277847290039 602
1706496359723 5.204813003540039 604
1706496370511 5.276510238647461 606
1706496370552 5.26746940612793 608
1706496381042 5.286510944366455 610
1706496381089 5.301751613616943 612
1706496391237 5.265989303588867 614
1706496391281 5.282685279846191 616
1706496401380 5.300612449645996 618
1706496401426 5.292419910430908 620
1706496411396 5.253314018249512 622
1706496411444 5.288005352020264 624
1706496421379 5.242927551269531 626
1706496422538 5.211219787597656 628
1706496431937 5.246662139892578 630
1706496433992 5.272392749786377 632
1706496443692 5.2889323234558105 634
1706496444318 5.322997570037842 636
1706496456444 5.34335994720459 638
1706496456493 5.294510364532471 640
1706496467523 5.278706073760986 642
1706496467568 5.217653274536133 644
1706496476939 5.245861530303955 646
1706496477846 5.268712997436523 648
1706496487246 5.309587001800537 650
1706496487293 5.275664329528809 652
1706496498370 5.262277126312256 654
1706496500090 5.238959312438965 656
1706496509723 5.215712070465088 658
1706496510548 5.229055881500244 660
1706496522141 5.248887062072754 662
1706496522190 5.219325542449951 664
1706496532910 5.21836519241333 666
1706496532957 5.256096839904785 668
1706496542794 5.245957374572754 670
1706496543489 5.225749969482422 672
1706496555252 5.216907501220703 674
1706496555297 5.174452304840088 676
1706496566715 5.171291828155518 678
1706496566763 5.199879169464111 680
1706496579537 5.150269985198975 682
1706496579584 5.143065929412842 684
1706496590231 5.089470863342285 686
1706496590277 5.1356730461120605 688
1706496600389 5.156414031982422 690
1706496600429 5.208093643188477 692
1706496609585 5.199954986572266 694
1706496609627 5.218072414398193 696
1706496612936 5.255711078643799 698
1706496855021 5.016472339630127 700
1706496855051 5.090511322021484 702
1706496861209 5.148839950561523 704
1706496863321 5.16594934463501 706
1706496869223 5.10198450088501 708
1706496869540 5.130022048950195 710
1706496877442 5.094552516937256 712
1706496877489 5.192065238952637 714
1706496884883 5.175668716430664 716
1706496884929 5.138290882110596 718
1706496892197 5.0882415771484375 720
1706496892235 5.046489238739014 722
1706496899550 5.045997142791748 724
1706496899597 5.106301784515381 726
1706496907291 5.131403923034668 728
1706496907338 5.153972148895264 730
1706496916657 5.190750598907471 732
1706496916684 5.196408271789551 734
1706496924069 5.16030740737915 736
1706496924117 5.1682562828063965 738
1706496931791 5.17685079574585 740
1706496931840 5.204160690307617 742
1706496939872 5.208340167999268 744
1706496939918 5.173837184906006 746
1706496947610 5.168838977813721 748
1706496947657 5.161952972412109 750
1706496954523 5.187896728515625 752
1706496954571 5.210605144500732 754
1706496962469 5.159883499145508 756
1706496962518 5.1304168701171875 758
1706496970995 5.138973712921143 760
1706496971037 5.149925231933594 762
1706496978664 5.128547668457031 764
1706496978688 5.160181045532227 766
1706496985791 5.1723737716674805 768
1706496985840 5.169610500335693 770
1706496993872 5.137670516967773 772
1706496993896 5.132454872131348 774
1706497002126 5.127776145935059 776
1706497002174 5.131660461425781 778
1706497009408 5.135700225830078 780
1706497009456 5.1643781661987305 782
1706497018530 5.1368608474731445 784
1706497018579 5.118512153625488 786
1706497027705 5.12168025970459 788
1706497027730 5.1359968185424805 790
1706497036068 5.169702529907227 792
1706497036116 5.161730766296387 794
1706497046582 5.163426876068115 796
1706497046630 5.1524434089660645 798
1706497055249 5.159484386444092 800
1706497055299 5.210710525512695 802
