1705909607946 7.337574005126953 2
1705909607962 7.314206123352051 4
1705909618277 7.277782917022705 6
1705909618305 7.223567962646484 8
1705909628341 7.159664630889893 10
1705909628383 7.105705261230469 12
1705909638837 7.055327415466309 14
1705909638875 6.9563469886779785 16
1705909651620 6.8504462242126465 18
1705909651660 6.738174915313721 20
1705909662051 6.654404163360596 22
1705909662091 6.489499092102051 24
1705909671539 6.453002452850342 26
1705909671571 6.3635101318359375 28
1705909680864 6.248454570770264 30
1705909680905 6.154717445373535 32
1705909688951 6.096133232116699 34
1705909689896 6.068080902099609 36
1705909698584 6.010462760925293 38
1705909698623 5.960858345031738 40
1705909709172 5.908101558685303 42
1705909709303 5.893606185913086 44
1705909720578 5.848659992218018 46
1705909721404 5.767091751098633 48
1705909727611 5.735187530517578 50
1705909731954 5.718194007873535 52
1705909740252 5.696937084197998 54
1705909741724 5.680213451385498 56
1705909752429 5.696841716766357 58
1705909753259 5.69934606552124 60
1705909765412 5.697993278503418 62
1705909765452 5.670330047607422 64
1705909780615 5.642258644104004 66
1705909780654 5.642832279205322 68
1705909790719 5.585809707641602 70
1705909790759 5.588203430175781 72
1705909802682 5.579265117645264 74
1705909802721 5.590208530426025 76
1705909814133 5.599153518676758 78
1705909814171 5.607147693634033 80
1705909831429 5.622241973876953 82
1705909831469 5.601410865783691 84
1705909843264 5.599396228790283 86
1705909843306 5.604892253875732 88
1705909858814 5.604900360107422 90
1705909858854 5.601647853851318 92
1705909874264 5.635838031768799 94
1705909874296 5.6433796882629395 96
1705909885325 5.62291955947876 98
1705909885359 5.5668134689331055 100
1705909897553 5.570741176605225 102
1705909897593 5.563391208648682 104
1705909909791 5.548736095428467 106
1705909909831 5.5556535720825195 108
1705909921716 5.559781551361084 110
1705909921755 5.584763526916504 112
1705909939477 5.577916145324707 114
1705909939516 5.6079864501953125 116
1705909960460 5.590099334716797 118
1705909960500 5.569767475128174 120
1705909982875 5.5311279296875 122
1705909982914 5.478674411773682 124
1705909997252 5.467554569244385 126
1705909997292 5.502701759338379 128
1705910019034 5.526637554168701 130
1705910019067 5.502852439880371 132
1705910043028 5.5653791427612305 134
1705910043065 5.586050510406494 136
1705910055409 5.547076225280762 138
1705910055450 5.561765193939209 140
1705910068662 5.577157020568848 142
1705910068685 5.5430402755737305 144
1705910083940 5.522397994995117 146
1705910083982 5.501062870025635 148
1705910098458 5.5302839279174805 150
1705910098497 5.509120464324951 152
1705910110745 5.502602577209473 154
1705910110781 5.510886192321777 156
1705910126725 5.471621513366699 158
1705910126759 5.506523132324219 160
1705910143789 5.532872676849365 162
1705910143827 5.578246116638184 164
1705910156085 5.568294525146484 166
1705910158900 5.53628396987915 168
1705910172473 5.56971549987793 170
1705910179846 5.536485195159912 172
1705910188416 5.522336483001709 174
1705910201187 5.553823471069336 176
1705910207024 5.5274786949157715 178
1705910218215 5.579503536224365 180
1705910227246 5.585647106170654 182
1705910234740 5.577068328857422 184
1705910246996 5.531648635864258 186
1705910247870 5.544147968292236 188
1705910269229 5.525146484375 190
1705910269267 5.5150980949401855 192
1705910285516 5.4520792961120605 194
1705910285555 5.401829242706299 196
1705910310336 5.417270183563232 198
1705910310369 5.388245582580566 200
